0 9 12 16 14 14
1 15 14 14 0 4
2 19 0 0 4 0
3 19 12 8 14 0
4 21 16 8 12 0
5 23 8 16 12 4
6 29 6 12 2 2
7 37 0 14 16 2
8 42 4 2 6 10
9 51 8 6 4 2
10 52 8 8 4 4
11 52 10 2 12 14
12 59 14 8 16 6
13 67 16 0 14 8
14 70 14 6 16 12
15 79 2 2 12 2
16 86 12 6 0 16
17 92 0 14 10 8
18 97 10 0 6 16
19 106 16 10 6 12
20 115 4 2 16 10
21 115 0 8 0 2
22 117 2 14 0 8
23 121 6 16 8 2
24 122 2 12 6 12
25 129 12 14 10 4
26 130 12 0 16 2
27 135 10 6 12 4
28 138 14 14 2 12
29 141 14 4 16 0
30 142 10 14 16 12
31 148 14 10 8 6
32 149 14 8 16 8
33 150 0 6 0 16
34 151 4 14 8 6
35 157 8 6 16 6
36 157 8 12 8 2
37 157 2 12 10 8
38 162 10 12 0 10
39 164 14 8 2 4
40 165 4 4 0 14
41 166 14 6 12 6
42 170 0 12 6 6
43 176 6 10 0 2
44 182 4 10 10 2
45 188 0 8 8 16
46 192 10 14 8 2
47 197 10 16 2 16
48 198 16 4 16 8
49 203 0 14 4 16
50 203 8 0 2 4
51 203 8 4 2 12
52 209 12 4 16 0
53 209 16 16 2 16
54 212 4 0 8 2
55 216 2 14 2 16
56 218 6 14 8 12
57 221 14 2 2 16
58 222 4 16 8 0
59 226 14 8 14 16
60 228 14 10 0 10
61 233 8 2 6 16
62 233 2 0 8 0
63 237 12 10 4 6
64 242 16 8 6 4
65 245 6 2 8 0
66 251 16 16 14 2
67 256 4 14 6 8
68 262 10 2 16 2
69 268 16 6 2 10
70 271 14 0 8 16
71 273 14 14 10 2
72 275 14 14 6 12
73 280 8 4 16 10
74 281 10 0 0 10
75 281 2 0 0 12
76 281 16 16 16 12
77 286 6 6 10 14
78 291 4 12 2 6
79 292 6 14 10 8
80 298 4 8 16 8
81 303 8 10 12 2
82 308 12 0 0 10
83 308 16 10 12 14
84 308 8 10 4 8
85 312 6 10 8 6
86 316 4 8 14 4
87 316 14 16 8 16
88 316 0 2 14 14
89 317 8 8 6 12
90 322 4 4 10 16
91 326 14 12 4 14
92 327 0 14 14 14
93 331 14 0 4 4
94 331 8 14 8 2
95 333 4 0 4 4
96 338 6 10 12 14
97 342 2 8 14 16
98 346 14 2 16 4
99 350 12 8 8 6
100 351 12 12 0 14
101 355 8 0 12 8
102 361 2 2 2 2
103 367 4 4 4 8
104 372 16 0 8 8
105 376 16 8 12 12
106 377 8 16 16 8
107 378 8 8 10 0
108 382 12 14 0 2
109 383 6 8 4 12
110 385 12 4 4 10
111 389 2 12 16 6
112 390 16 14 14 10
113 396 16 8 10 8
114 399 6 2 12 12
115 402 2 14 10 2
116 402 0 6 12 4
117 407 12 8 2 0
118 409 14 6 4 14
119 413 6 2 2 0
超时一组

0 2 8 14 12 6
1 5 12 12 16 0
2 14 12 6 0 12
3 16 4 14 0 10
4 17 14 14 4 0
5 19 16 2 4 0
6 22 0 4 0 12
7 29 0 16 8 2
8 36 4 0 10 14
9 42 14 6 0 6
10 42 14 4 4 8
11 43 8 14 10 10
12 48 14 6 4 12
13 52 12 10 4 14
14 61 10 12 2 6
15 62 12 2 14 10
16 69 14 4 0 2
17 69 0 12 0 2
18 69 10 14 14 6
19 76 4 6 16 8
20 84 16 14 0 2
21 88 2 10 6 2
22 93 8 10 4 6
23 95 16 8 14 14
24 97 10 0 0 16
25 98 16 16 8 6
26 102 2 6 4 4
27 105 16 10 6 6
28 106 0 6 6 14
29 106 2 10 2 6
30 109 14 8 0 10
31 110 14 4 12 4
32 110 4 2 4 2
33 111 12 4 16 4
34 113 10 16 2 14
35 113 16 8 6 14
36 118 2 4 2 4
37 121 12 0 4 6
38 124 4 10 4 2
39 129 12 10 16 6
40 129 0 2 6 16
41 131 6 2 12 0
42 136 16 16 6 0
43 141 0 8 16 8
44 145 16 8 6 8
45 147 2 2 10 0
46 147 10 12 0 10
47 151 8 6 8 6
48 153 16 14 8 2
49 158 8 16 0 4
50 158 6 14 4 12
51 160 6 16 16 16
52 160 10 10 0 16
53 163 14 2 2 6
54 168 6 12 14 14
55 168 6 12 12 2
56 173 8 12 14 14
57 178 12 12 10 16
58 180 14 8 14 16
59 185 0 8 10 12
60 189 2 4 8 14
61 191 4 16 8 4
62 196 8 0 8 0
63 198 2 14 0 12
64 203 14 6 12 0
65 204 8 2 12 6
66 205 14 14 4 12
67 209 4 0 6 8
68 210 8 16 6 12
69 215 14 8 16 0
70 217 8 8 12 16
71 223 2 16 8 2
72 226 8 12 2 0
73 232 2 2 6 10
74 232 2 0 8 8
75 238 12 16 6 6
76 243 16 12 6 16
77 244 6 12 16 8
78 250 16 4 0 12
79 251 12 0 6 16
80 251 0 16 10 4
81 257 2 4 0 10
82 258 6 16 16 2
83 263 16 16 14 2
84 263 4 16 8 8
85 263 16 4 6 16
86 268 4 8 16 8
87 269 4 16 12 0
88 271 2 12 8 0
89 275 16 16 14 0
90 276 2 0 6 6
91 280 14 14 2 8
92 285 4 4 0 14
93 287 12 6 0 8
94 292 10 8 10 0
95 293 4 16 2 6
96 293 8 4 4 14
97 294 14 12 12 16
98 294 6 12 10 12
99 297 12 2 8 4

破产

0 3 2 4 0 10
1 11 12 16 12 8
2 11 6 10 6 12
3 11 0 10 12 4
4 11 16 4 0 16
5 12 10 6 6 10
6 17 4 10 10 2
7 24 4 12 2 2
8 28 2 6 0 8
9 33 2 2 10 8
10 34 12 6 14 4
11 39 16 2 0 12
12 41 8 12 0 4
13 47 0 4 8 6
14 49 16 4 2 12
15 53 8 0 8 12
16 55 10 10 8 14
17 58 14 14 8 16
18 59 16 0 16 2
19 66 8 2 6 8
20 66 6 14 10 12
21 71 0 14 2 12
22 74 6 8 0 16
23 76 4 8 2 12
24 80 16 16 16 10
25 80 16 10 6 4
26 84 14 12 0 4
27 84 4 0 16 4
28 87 4 0 14 12
29 90 2 4 4 4
30 90 6 4 0 12
31 92 0 14 16 2
32 94 8 6 8 14
33 100 4 4 6 10
34 106 2 0 0 8
35 109 14 0 12 2
36 112 0 12 2 0
37 118 16 8 0 0
38 124 2 2 16 2
39 129 14 6 16 2
40 134 0 0 16 6
41 134 2 6 8 4
42 139 8 8 8 12
43 142 4 14 14 0
44 144 10 10 2 12
45 145 2 8 6 16
46 149 2 12 12 10
47 150 0 0 8 10
48 155 2 6 12 14
49 158 12 10 8 8
50 161 6 10 6 16
51 162 14 8 2 10
52 165 8 16 16 16
53 169 10 6 12 2
54 173 10 14 4 8
55 176 2 0 14 2
56 178 10 0 16 0
57 183 2 4 0 14
58 189 4 4 10 4
59 189 10 10 4 12
60 191 2 0 12 10
61 197 0 6 4 0
62 201 6 6 6 0
63 204 0 10 8 12
64 208 6 12 14 14
65 212 16 16 14 8
66 213 8 2 4 16
67 217 16 14 0 0
68 217 16 4 2 10
69 219 2 6 16 8
70 223 6 10 6 2
71 226 6 16 10 6
72 230 10 12 14 12
73 234 0 8 4 14
74 234 6 12 8 12
75 236 16 8 0 12
76 239 2 6 0 8
77 241 8 10 8 2
78 247 6 10 2 12
79 247 6 6 10 6
80 248 16 2 14 6
81 251 14 6 6 12
82 254 16 14 6 2
83 258 10 2 8 10
84 259 14 16 10 6
85 265 12 12 10 0
86 268 4 4 4 12
87 268 4 14 4 4
88 270 10 6 0 14
89 274 16 8 2 10
90 276 6 2 16 16
91 281 14 8 14 4
92 284 0 2 14 0
93 286 4 6 16 4
94 290 16 6 10 16
95 293 12 0 14 10
96 295 8 2 8 16
97 300 12 4 0 6
98 304 6 10 12 6
99 308 0 10 4 2

超时一组


0 8 10 14 8 10
1 16 16 12 4 2
2 24 2 2 14 0
3 27 2 14 10 8
4 34 12 4 10 8
5 38 16 8 8 2
6 43 2 2 10 2
7 47 0 4 6 12
8 52 6 4 4 16
9 59 4 6 4 16
10 68 8 4 14 12
11 73 16 8 4 0
12 75 8 12 4 4
13 78 2 16 10 6
14 78 12 0 8 0
15 84 10 6 2 8
16 88 16 16 6 16
17 94 0 2 12 12
18 95 14 2 6 14
19 100 0 16 0 6
20 105 14 8 4 10
21 105 14 6 0 6
22 105 0 2 6 4
23 105 16 4 4 2
24 107 0 4 14 16
25 109 14 6 2 16
26 114 10 0 0 16
27 120 14 14 2 0
28 123 4 12 8 4
29 124 0 12 14 2
30 124 14 16 0 6
31 124 16 16 10 12
32 129 8 6 10 16
33 135 0 4 14 0
34 137 2 0 8 12
35 137 2 10 4 4
36 141 16 6 14 8
37 144 12 2 8 6
38 146 14 0 0 2
39 147 6 4 2 14
40 150 14 8 12 8
41 152 4 0 16 0
42 157 10 8 6 16
43 161 10 6 6 16
44 165 8 14 12 6
45 171 6 8 16 14
46 171 16 14 8 8
47 176 0 16 10 14
48 177 0 4 16 14
49 178 16 12 16 8
50 179 0 12 16 2
51 185 2 12 0 16
52 191 6 2 16 8
53 192 10 2 6 4
54 198 6 4 12 2
55 202 12 6 0 12
56 207 10 12 2 4
57 210 0 6 8 0
58 216 12 6 16 0
59 220 16 16 4 10
60 220 12 16 14 16
61 222 6 16 16 8
62 222 10 2 16 0
63 222 2 8 12 6
64 223 6 0 2 0
65 229 8 2 12 0
66 234 14 2 16 12
67 238 6 8 12 0
68 238 0 0 14 16
69 242 10 10 4 14
70 243 2 0 0 16
71 244 0 16 12 12
72 247 2 0 2 4
73 247 12 6 12 14
74 247 16 16 4 16
75 249 16 2 16 10
76 255 16 10 16 12
77 259 8 10 10 8
78 261 2 12 4 0
79 264 0 8 8 0
80 268 0 10 8 2
81 271 2 10 4 2
82 273 12 14 6 10
83 278 8 12 4 0
84 279 8 2 6 2
85 281 0 10 8 2
86 285 14 8 2 6
87 285 14 16 14 0
88 289 0 4 0 0
89 294 2 0 0 10
90 299 14 12 12 10
91 305 12 0 12 4
92 309 16 16 2 14
93 309 14 4 16 14
94 309 10 6 12 16
95 315 0 0 2 2
96 320 14 6 6 12
97 323 2 6 4 12
98 323 6 10 2 12
99 324 10 14 6 14

破产

0 11 14 2 16 4
1 15 4 0 2 16
2 26 6 6 14 10
3 26 12 2 12 14
4 33 10 8 8 16
5 37 0 14 6 6
6 38 0 6 8 8
7 38 8 12 12 0
8 40 2 16 0 14
9 47 0 2 0 6
10 50 12 8 14 6
11 51 16 14 2 4
12 58 16 10 14 2
13 58 4 10 14 12
14 60 6 12 14 16
15 66 16 10 10 4
16 66 12 16 4 4
17 69 14 8 14 10
18 71 16 0 10 2
19 72 12 10 10 12
20 78 0 12 16 8
21 78 8 8 12 4
22 84 0 6 4 14
23 89 12 8 2 6
24 89 6 14 0 12
25 89 12 2 2 8
26 93 16 12 4 14
27 98 4 0 14 8
28 102 0 16 6 6
29 104 6 4 16 4
30 104 0 8 16 4
31 109 16 6 2 0
32 109 12 2 0 6
33 115 4 16 6 10
34 117 8 12 2 6
35 117 4 14 10 6
36 119 8 16 12 12
37 120 8 12 2 12
38 123 8 14 0 6
39 127 6 0 10 10
40 129 10 0 0 14
41 130 6 10 16 10
42 132 6 0 2 8
43 137 12 16 10 16
44 138 2 0 16 10
45 138 10 2 10 14
46 138 2 2 16 6
47 143 2 0 0 6
48 145 4 8 14 0
49 150 16 0 14 10
50 155 4 0 8 6
51 156 0 10 10 6
52 161 2 6 4 12
53 161 4 10 0 16
54 165 0 10 12 10
55 167 4 16 14 2
56 167 12 2 12 12
57 169 6 0 12 4
58 172 0 10 8 16
59 172 8 0 0 16
60 177 14 4 6 12
61 181 6 2 8 10
62 187 6 6 12 0
63 190 2 2 16 10
64 190 6 14 16 6
65 195 0 14 4 8
66 198 10 6 16 14
67 198 8 8 10 4
68 202 12 4 0 2
69 204 16 10 12 6
70 208 16 6 14 6
71 211 16 10 10 14
72 215 0 16 10 16
73 219 10 12 4 10
74 224 10 0 16 6
75 228 2 4 6 4
76 234 2 4 6 12
77 235 6 2 4 6
78 235 12 10 16 2
79 236 12 4 8 8
80 242 10 12 12 8
81 244 0 2 8 12
82 246 0 10 14 8
83 246 6 8 8 4
84 247 6 12 12 0
85 250 16 16 12 4
86 253 6 0 10 12
87 259 8 10 8 6
88 262 6 14 2 16
89 268 4 2 4 0

超时2

0 3 8 10 2 16
1 10 4 14 4 8
2 22 10 4 16 4
3 25 16 8 6 12
4 25 0 6 4 0
5 26 2 0 10 0
6 26 10 8 0 2
7 31 6 16 0 4
8 33 8 12 12 8
9 37 6 8 2 2
10 42 10 16 16 10
11 49 12 6 14 14
12 55 2 6 4 4
13 55 14 2 4 14
14 60 12 14 10 8
15 62 6 0 2 14
16 62 12 8 2 8
17 67 4 8 2 6
18 67 12 6 10 2
19 68 14 4 2 16
20 74 12 14 2 6
21 74 8 8 6 10
22 78 6 2 10 6
23 82 14 12 8 6
24 86 10 4 0 14
25 87 0 12 0 4
26 92 10 0 16 6
27 94 8 6 8 4
28 95 6 10 8 14
29 98 14 2 14 6
30 98 0 4 14 10
31 98 6 6 0 2
32 104 2 12 4 12
33 104 8 0 16 12
34 105 10 16 10 12
35 106 12 6 0 14
36 112 6 10 16 12
37 116 4 14 6 6
38 121 8 16 0 10
39 122 2 8 6 8
40 122 0 8 6 8
41 122 16 10 0 0
42 127 4 0 4 14
43 127 16 12 12 4
44 127 8 2 12 0
45 129 6 10 12 16
46 134 12 2 4 8
47 137 10 10 16 12
48 142 16 10 16 10
49 146 14 2 6 14
50 147 8 14 6 10
51 149 8 8 2 10
52 153 14 14 0 0
53 153 12 4 10 4
54 154 8 6 4 0
55 160 8 6 0 12
56 164 14 0 14 14
57 166 8 2 2 12
58 168 14 0 14 12
59 173 6 14 6 4
60 179 0 12 12 14
61 180 6 8 4 16
62 180 12 2 0 0
63 181 0 14 6 14
64 187 8 2 14 16
65 192 6 4 6 4
66 196 8 2 6 10
67 196 8 6 4 6
68 198 6 4 10 10
69 201 2 4 8 0
70 206 16 16 6 16
71 210 12 16 16 12
72 211 6 8 10 14
73 214 10 10 12 0
74 217 6 2 4 14
75 217 14 10 16 0
76 223 16 6 16 12
77 227 8 16 8 4
78 230 16 2 2 16
79 233 8 16 2 14
80 238 4 6 2 16
81 243 0 4 6 10
82 244 4 4 4 12
83 247 14 0 6 10
84 253 0 8 0 2
85 259 10 0 4 2
86 261 12 8 4 8
87 263 16 2 4 2
88 263 10 4 16 6
89 263 0 6 14 4

破产

0 10 6 16 16 0
1 15 4 4 8 4
2 15 14 16 16 4
3 17 16 2 0 16
4 19 8 14 4 8
5 24 10 2 14 0
6 29 0 2 10 10
7 30 12 4 8 16
8 35 6 14 10 12
9 35 4 10 14 6
10 42 10 4 2 12
11 45 4 12 2 14
12 49 4 6 2 4
13 51 12 14 4 12
14 54 14 14 4 10
15 59 4 12 2 2
16 61 8 16 16 8
17 62 4 16 0 4
18 64 16 16 14 2
19 68 2 10 4 14
20 68 4 6 10 10
21 74 16 2 0 8
22 76 16 4 12 10
23 77 10 2 16 12
24 79 12 16 12 4
25 85 14 2 14 8
26 85 16 12 8 16
27 88 8 4 4 14
28 93 12 16 10 4
29 97 10 14 2 8
30 98 0 0 6 12
31 102 14 14 10 2
32 103 2 0 0 4
33 107 10 10 12 10
34 112 8 16 6 4
35 112 2 14 8 4
36 114 0 10 6 14
37 120 8 0 6 14
38 124 8 0 10 8
39 128 8 10 16 12
40 128 0 12 0 0
41 132 6 0 12 4
42 137 8 4 14 2
43 141 8 10 6 4
44 143 10 14 4 14
45 145 0 12 6 8
46 146 10 2 14 8
47 147 0 14 12 16
48 151 14 4 0 16
49 154 10 2 6 8
50 154 16 12 14 6
51 157 10 12 6 10
52 162 4 12 10 10
53 165 4 4 12 12
54 166 14 8 4 8
55 170 6 8 0 2
56 172 14 6 14 2
57 174 12 0 6 12
58 180 12 12 2 6
59 181 16 16 10 12
60 182 10 8 0 12
61 187 6 14 0 10
62 192 10 16 8 0
63 192 10 0 14 12
64 192 12 16 12 10
65 196 4 10 2 16
66 201 10 14 10 6
67 207 2 14 14 8
68 207 4 14 14 12
69 208 6 12 12 4
70 212 10 14 8 10
71 212 16 14 6 8
72 214 0 14 12 2
73 216 6 4 6 14
74 216 8 12 14 14
75 218 14 4 6 8
76 220 14 14 4 16
77 223 14 0 4 16
78 228 16 6 10 8
79 231 14 0 10 12
80 237 4 16 14 4
81 238 10 14 16 14
82 243 12 12 4 12
83 243 8 8 4 14
84 244 14 2 8 4
85 250 14 16 12 10
86 252 14 2 12 16
87 257 8 8 14 12
88 262 10 14 6 6
89 264 2 0 2 6

超2

0 8 6 6 10 10
1 11 4 8 6 0
2 15 12 2 2 6
3 20 14 14 6 4
4 25 6 0 6 14
5 25 4 16 14 0
6 27 6 4 6 16
7 31 2 10 0 12
8 36 6 2 8 14
9 40 2 16 6 4
10 41 0 6 4 12
11 41 4 2 0 14
12 42 6 2 8 12
13 47 6 4 16 14
14 51 10 2 0 14
15 57 12 8 16 2
16 58 10 2 6 16
17 58 10 2 12 6
18 63 4 16 2 16
19 68 16 16 8 8
20 70 4 0 8 8
21 76 0 2 10 16
22 82 12 4 8 2
23 89 8 2 2 10
24 95 14 4 10 10
25 96 6 4 2 14
26 97 14 8 14 12
27 98 6 16 12 14
28 102 14 16 16 10
29 103 10 4 6 10
30 106 10 2 10 8
31 110 12 8 6 10
32 115 8 16 2 2
33 122 10 10 10 6
34 127 10 10 14 0
35 131 0 6 8 12
36 136 12 14 10 6
37 140 4 4 6 14
38 143 10 0 6 12
39 143 8 12 10 14
40 144 8 6 8 12
41 148 16 2 12 16
42 148 0 16 16 14
43 151 6 0 16 4
44 152 12 6 0 4
45 156 12 6 6 4
46 156 4 2 10 10
47 158 16 12 12 0
48 158 14 2 16 6
49 159 0 14 8 2
50 164 6 0 4 10
51 171 4 2 4 16
52 172 16 16 10 2
53 175 8 0 6 0
54 180 6 14 4 0
55 185 14 12 14 6
56 188 2 12 6 4
57 190 12 10 14 14
58 193 2 12 10 6
59 197 8 4 16 2
60 197 10 10 0 14
61 204 8 12 8 10
62 208 6 10 16 0
63 214 16 14 0 14
64 216 0 8 14 16
65 221 0 8 14 0
66 226 0 14 2 0
67 228 12 10 10 0
68 235 2 10 10 16
69 236 12 16 6 6
70 239 8 0 10 14
71 241 6 8 2 6
72 247 14 12 0 16
73 254 4 10 12 16
74 256 14 16 2 0
75 256 4 14 10 12
76 257 6 10 4 16
77 263 10 12 0 0
78 265 0 10 6 4
79 270 6 6 12 10
80 276 2 14 12 6
81 282 14 10 8 0
82 288 2 2 10 10
83 292 16 10 0 2
84 292 0 14 2 14
85 293 6 6 2 2
86 300 8 12 12 12
87 304 14 4 12 14
88 306 6 2 14 14
89 306 4 10 4 0

超14

0 8 6 6 6 8
1 11 10 16 10 2
2 23 6 6 0 0
3 27 4 4 0 16
4 27 16 0 10 0
5 32 16 4 16 0
6 34 0 4 4 0
7 39 12 14 8 16
8 43 16 12 16 16
9 47 8 6 14 4
10 48 14 16 2 8
11 48 6 10 8 10
12 48 8 0 0 10
13 53 8 12 16 16
14 57 16 14 10 6
15 63 14 2 6 14
16 68 4 14 6 4
17 70 2 10 6 16
18 75 16 2 12 2
19 79 16 10 10 4
20 84 2 10 2 4
21 91 6 6 8 4
22 98 16 10 16 0
23 100 12 16 6 12
24 101 4 0 6 2
25 101 16 16 16 6
26 103 6 2 16 14
27 107 6 6 4 10
28 111 16 4 6 8
29 111 2 4 8 2
30 116 6 8 10 12
31 122 14 10 12 10
32 127 4 0 6 2
33 129 2 8 6 2
34 136 10 8 10 10
35 141 12 6 4 2
36 142 8 16 16 4
37 143 12 10 2 10
38 144 0 12 14 12
39 144 8 10 16 2
40 148 16 0 0 0
41 155 2 6 12 10
42 156 4 14 14 6
43 162 14 4 16 16
44 168 12 14 4 12
45 172 2 8 6 0
46 175 10 6 4 4
47 177 14 4 16 8
48 180 10 0 8 2
49 180 10 4 8 6
50 182 14 0 4 16
51 185 2 10 16 8
52 187 10 2 10 6
53 191 10 12 12 2
54 198 0 14 16 8
55 198 12 4 4 6
56 201 0 6 12 12
57 206 6 12 12 6
58 207 16 0 4 0
59 210 16 16 16 14
60 212 14 8 6 10
61 215 4 0 0 8
62 220 16 2 2 0
63 225 0 10 10 6
64 225 0 16 4 4
65 225 6 14 12 4
66 232 14 14 10 8
67 235 8 14 16 0
68 238 10 0 2 10
69 242 8 4 0 0
70 244 16 0 14 8
71 250 10 8 4 2
72 254 16 6 12 16
73 254 14 2 8 0
74 258 2 6 12 6
75 259 4 0 4 8
76 260 16 0 14 4
77 261 12 14 2 12
78 266 10 12 12 14
79 272 12 8 6 2
80 276 2 16 4 14
81 276 8 14 4 0
82 276 12 4 14 12
83 277 12 16 6 16
84 280 4 2 8 4
85 287 14 0 16 12
86 289 10 2 10 16
87 289 2 10 12 6
88 290 8 16 0 0
89 296 14 14 4 16

超1

0 10 6 6 0 8
1 13 12 8 12 16
2 24 0 4 8 14
3 24 0 12 16 12
4 26 4 14 16 6
5 31 4 0 8 2
6 35 14 12 16 0
7 38 2 4 6 12
8 38 4 14 2 16
9 38 12 6 8 10
10 41 0 6 12 16
11 43 10 6 10 4
12 47 2 8 4 0
13 51 0 6 4 0
14 51 6 2 4 16
15 55 0 0 0 6
16 60 8 8 2 14
17 66 0 10 4 6
18 71 2 16 0 6
19 77 0 10 6 14
20 81 0 16 12 6
21 81 8 2 10 12
22 88 12 14 16 14
23 93 16 10 8 16
24 96 16 4 6 6
25 103 16 10 4 12
26 103 4 6 12 10
27 105 0 0 8 0
28 105 0 0 14 16
29 111 4 14 2 14
30 117 8 12 4 4
31 119 0 10 4 14
32 126 16 10 0 2
33 126 16 0 0 6
34 128 12 12 14 4
35 135 0 4 4 6
36 137 2 14 10 6
37 141 12 16 16 14
38 146 2 2 12 4
39 152 0 0 6 0
40 159 4 6 0 0
41 160 14 4 16 6
42 163 14 12 8 6
43 165 14 14 14 0
44 172 10 4 10 2
45 175 10 4 10 4
46 175 2 8 4 12
47 175 12 16 10 6
48 177 2 6 16 10
49 183 10 8 0 2
50 185 10 12 2 6
51 189 4 0 14 4
52 192 12 14 0 4
53 195 12 14 10 10
54 202 8 0 10 16
55 206 6 14 12 6
56 206 2 12 0 2
57 207 0 0 16 16
58 207 8 6 2 6
59 209 8 8 16 12
60 211 10 16 4 14
61 216 2 14 4 4
62 221 14 6 14 0
63 228 14 10 8 16
64 234 4 4 2 12
65 238 2 4 16 4
66 241 4 4 12 16
67 247 6 8 2 4
68 249 6 16 14 14
69 256 4 2 6 16
70 259 14 0 14 0
71 265 2 12 6 0
72 268 4 0 16 8
73 268 8 12 12 10
74 272 8 12 14 10
75 276 16 6 14 16
76 282 0 2 12 16
77 286 16 14 14 8
78 289 4 6 4 2
79 289 0 6 8 14
80 295 8 2 10 2
81 296 4 6 12 4
82 297 2 4 2 10
83 303 0 8 0 4
84 308 14 4 14 12
85 309 8 4 12 8
86 315 16 12 8 6
87 315 4 0 16 6
88 321 0 6 10 8
89 328 0 12 2 12

破产

